100 6
1
01
011
1001
00001
000001
0000001
00000001
000000001
0000000001
00000000001
000000000011
0000000000001
00000000000001
000000000000001
0000010000000001
00000000100100001
010100000000000001
0000000000010000001
00000100000000001001
000000000100000000001
1000100000000000000001
00000000000000000000001
000000010000000000000101
0000000100000000000000001
00000100000100100000100001
011000000000010000000101001
0100000000000000001000000011
01000000000100000000001000001
010010000000000001000000000001
0000000000010100100100000001001
10010100000000000001000100000001
000000000000100000000000000010001
0100000000000000000000100000000001
00000000000000000000000000001010001
000010000000000000010000000001000001
0000000000000001000000001100001000001
11001000010000100000000000111000000001
000000000000001100000000000100000100001
0100100010000000011000000000000000000011
00001000000100000000100000000000000000101
000000100000000000000000000000000000000001
0000001000000001010000000000010000100000001
00000000000000000100001000000000000010000001
001000000000001000000000000000100010000110001
0000000000000000000010000000000001000000000001
00101100000000000000010001000100000000000100001
000000100000100000000000000000000100000000000001
1000000000000000000000001000000010011010001000001
00001000000001000110000000100000000000000000000001
000001000000000000000000011100001001001000000000001
0000000000000000000010000000010000001000000000000001
00000000010001000000000010000100000010000000000000001
000000001000000000000000000000000000000010000101000001
0000100000000000000001000100000000000000000000000000001
00000000000000000000001000000000000000000001000100000001
000001000000000000000000000000000001000000000000100100101
0000000000000000000000000100010000000000000000000000000001
00000000000001000000000000000000000000001010000000000000001
000000000000000000000000000010000000000000000000000000000001
0000000000000010001000000000000000000101000000000000000000001
00000000010000000000000100000010010010000000000011000000010001
000000000000100000000011000100001000000000000000011010000000001
0000001000000001001000000000000101000000000000000000000000000001
00000000100010000010000010001000000000000000010000001000100000001
000010010100000001000000000010000000100010100000000100000000100001
0000000000000000000000000000000000000000001001000000000010000001001
00000010000100000000000000000000000100000000010100000000000000000001
100001100000000000000000000010001000100000000000100010000001000000101
0001000000000010000000000100000010001100000000000000000001000000000001
00000100000000110100000000000001001000000000000000000000010000000000001
000000001000000000000000001000001000000101000000001100000100110001001001
0000000000000000101000000000000000000000000000000010001000000010000000001
00010000000000010000000000000000000000000100000000001010000000000000000101
000000000000100000100000000000010000000000100000100100000000010001000000001
0000010000000000000010000000000000000000000010000000000000000000000000000001
00000100000011100000100000100000000000001000001000000000000100100000000000001
000001110010000000101001010000000000000000110000000100000000000000000010000001
1000110100001001000000000100000000001000100000000000000001000000000000000100001
00100010100000000000001000010000101000000000000000000000001000000000000000110001
000000000000000000000000100000000000000000101100000000010000000100000000010000001
0000000000000000000000000000000000000000000000000000000000001000000000100000000001
00000000000000000000000000000001000000001010000001000000000000000000000000001100001
000000100001000010000000000000000110000000000000001000000000010000001000000000001111
0000000010000100001000000000000010000000000000000000000000000000000010000000000000001
00010000001000101000000100101000000000000000000000000000000000000010100000100001000101
000001000100000000000000000000000000000010000000000000000000000000000001000000000000001
0000000010000000001100000000000000001000001000011010000000010100000000000000000000000001
00110000000000000000000000100000010000000000100000010000000000000000100000000000000000001
000000000010000000000010000000000100000001100010000010010000000000010000000000000000000101
0000000100000000010001000100000000010110010101000000000000000000000000000000000000000000001
00000000000000000000000100000000001000000001000000100001000100001000000000000000000011000001
000000000000001000000000010000000010000100000000000000000000000000001000110000000000000000011
0000000001100011000000000100000000000000010000000000000000000000000001000000000011000000000001
00001000010000000000010000000000000000000010000000000101001000000000000000000100000000010000001
000110000100000000000011000000000000000000000000000001000000000000000000000000000000000000000001
0000000000001000000011000000000000000000000001000100000000000010000000000000000000000000000000001
01100000000000000100000000000000000001110010000010000000000000000000000000000000000010000000000001
000000011001000000000001000000000000000000000000010000000011000100000000000001000100001000010010001
1000000000010000010000000000000000000100000000010001000000000010000000000000000000100000000010000001
