100 100
1
01
001
0001
00001
000001
0000001
00000001
000000001
0000000111
01000000001
000000000001
0000000000001
00000000000001
000000000000001
0000000000000001
00000000000000001
000000000000000001
0000000000001000001
00000000000000000001
000000000100000010001
0000000000000010000001
00000000100000000000001
000001000000000000000001
0000000000000100000000001
00010000000000000000000001
000000000000000000000000001
0000001001000000000000000001
00000000000000000000000000001
000000000000000000000000000101
0000000000000000000000000000001
00000000000000000000000000000001
000000000000100000000000000000001
0000000000000000000000000000000001
00000000000000000000000000000000011
000000000000000000000000010100000001
0000000010000000001000000000000000001
00000000000001000000000000000001000001
000000010000000000000000000000000000001
0100000000000000100000000000000000000001
00000000000000000000000000001000000000001
000000000000000000000000000000000001000001
1000010000100000000000000000000000000000001
00000000000000000000000000000000000000000001
000010100100000000000100000000000000000000001
0000000000000000000000000000000000000000000001
00000000000000000000000000000000000000000000001
000000000000000000000000100000000000000000000001
0000000000000000000000000000000000000100000000001
00000000000000000000000000000000000000000000000001
000000000000000000001000000000000000000000000000001
1000000100000010000000000000000000000000000000000001
00000000000000000000000000010000000000000000000000001
100000000000000000000000100010000000000000000000000001
0000000000000000000000000000000000100000000000000000011
00100000000000000000000010000000000001000000000000000001
000000000000000000000001000000000000000000000000000100001
0000000000000000000000000000000000000000001000000000000101
00100000100000001000000000001000000000010000000000000000001
000000100000000000000000100000000000000000100000000100000001
0000000001000000000000000000001000000001000000000000000000001
00000000000001000000000000000000000000000000000000000000000001
000000000000000000100000000000000000000000000000000000000000001
0000000000000000000000000000000000000000000000000000000000000001
00000010000000000000000000000000000000000000000000000001100001001
000000000000000000001000000000000001000000000000000000001000000011
0000000000010000000000000010100000000000000000100000000000000001001
00000000000000000000000000000000000100000000000000000000000010000001
000001000000000000000000000000010000010000000000000010000000000000001
0000000000000000000000000000000000000000000000000000000000000100000001
00000000000001000000001000000000000000000000000000000000000000001000001
000010000000000000000000000000000000000000001001000000010000000000000001
0010000000010000000000000000000000000000000000000000000000000000000000001
00000000100000000000000000000000000001000000000000000000000001000000000001
000000100000000000000000000000010001001000001000000000000000000000000000001
0000000000001000000000000000000000000000000000000000000000000000000000000001
00000000000000000100000000000000000001000000000000000000000000010000000000001
000000000000000010000000000000000000000000000000000000000000000010000000000001
0000000000000000000000000000000000000000000000000000000000000000110000000000001
00000100000000000000000000000000000000000000000000000000001000000000000000000101
000000000000000000000001000000000000000000000000000000000000001000000000000000101
0000000000000000000000000000000000000000000010100000000000010000010000000000000001
00000000000000000000000000000010000000000000110000000000000000010000000000000000001
000000000000000000000000010000000010000000000100000001000000000000000000000000100001
0001000000000000101010000000000010000000010000000000000000000010100000100100000000001
00000000000000000000000000000000000000000000000000000000000010000000000100000000000001
000000000000000000000001000100000000000001000110000000000000000000000000000000000000001
0000000000001000000000000001000000000000000001000000000000000000001000000000000000000001
00000000000000000000000000000000000000000000000000000000000000000000000000000000000000001
001000000000000000010000000000000000000000000000000000000000000000000000000010000001000001
0000000000000000100000000000000000000000000000000000000010000000000000000000000000001000001
00000000000000000000010000000100000000000000000000001000010000000000000000000000000000000001
000000000000000100000000000000000000000000000000001100000000010000000000000000000000001000001
0000000000000000000000000000000000000000000000000000000000000000000000000000000000000001000001
00000000000000000000000000000000000000000000000000010000000000000010000000000000000000000000001
000000010000000000000000000000000000001000001100000000000000000000000000000000000000000000010011
0000000000000000000000000000000000000000100000000000000100000001000000000000000000000000000000001
00000000000000000000000000000000000000000000000000000000000100000000000000000000000000000000000011
000000000000000000000000000000000000000000010000100000000000100000000000000000100000000000001000001
0000000000000000000000001000000000000000000000000000000000100000000010000000000010000000000000000001
